Recall
-0.73436605 -0.57564357 -0.41692108 -0.25819860 -0.09947611  0.05924637  0.21796886  0.37669134  0.53541382  0.69413631
-99.739583  -77.944414  -56.149245  -34.354076  -12.558907   9.236262    31.031431   52.826600   74.621769   96.416938

3AFC
-0.73374317 -0.57518801 -0.41663286 -0.25807770 -0.09952255  0.05903260  0.21758776  0.37614291  0.53469806  0.69325322
-99.739583  -77.942915  -56.146248  -34.349580  -12.552913   9.243755    31.040423   52.837090   74.633758   96.430425

Recollection
-0.73158012 -0.57341038 -0.41524064 -0.25707090 -0.09890116  0.05926858  0.21743831  0.37560805  0.53377779  0.69194753
-100.000000  -78.334276  -56.668552  -35.002828  -13.337103    8.328621   29.994345   51.660069   73.325793   94.991517

Familiarity
-0.73158012 -0.57341038 -0.41524064 -0.25707090 -0.09890116  0.05926858  0.21743831  0.37560805  0.53377779  0.69194753
-100.000000  -78.334276  -56.668552  -35.002828  -13.337103    8.328621   29.994345   51.660069   73.325793   94.991517